10100001100010001110111111111111
11111000000000000000101100010100
00000101011101001101101101000101
01101000000111101000101001101100
10100010101010110110101100000101
11000100100111010101100011010101
01010111010110010111110110010101
01010010001110000011111000001010
00101011101101101110101010101001
10111110111010110010110110100010
10110101010110110101110100010110
01011111011100011101110011001011
01101001101010000011010001010101
01000101001101111101011101010001
10000110100010111010110010100010
10011011001010111010001010101011
11110110010001111101101010111100
11111001000001010110101000101101
10001000110101001111111111111111
xxxx
00000000000000000000000000000000
01100000000000000000000000000010
11111000111111111111001111111111
11111110000000100000000000001000
11011111111111111111111111111101
11101111111111111111111111110111
00000000011111100000000000011100
11111000000000000111111111111111
