00000000000000000000000000000000
01010000000000000000000000000010
11111111111111111000000000000000
11011111111111111111111111111101
00000000000000001000000000000000
11111110000000100000000000001000
01100000000000000000000000000010
11101111111111111111111111110111
00000000000000000000000000000000
11111110000000100000000000001000
01111000000000000111111111111111
00000000000000000000000000000000
01100000000000000000000000000010
11011111111111111111111111111101
00000000000000000000000000000000
11111000111111111111001111111111
11101111111111111111111111110111
11111110000000100000000000001000
11111110000000100000000000001000
00000000011111100000000000011100
11100001111111111111111111110111
11100000111111111111001111111111
11111000111111111111001111111111
00000000011111100000000000011100
11011111111111111111111111111101
11111000000000000111111111111111
11011111111111111111111111111101
11111000111111111111001111111111
01100000000000000000000000000010
01100000000000000000000000000010
01100000000000000000000000000010
01100000000000000000000000000010
01100000000000000000000000000010
00010000000000000000000000001000
00000000000000000000000000000000
11111110000000100000000000001000
11101111111111111111111111110111
00000000011111100000000000011100
11111000111111111111001111111111
01100000000000000000000000000010
11111000000000000111111111111111
00000000011111100000000000011100
11011111111111111111111111111101
11101111111111111111111111110111
00000000000000000000000000000000
11111110000000100000000000001000
11101111111111111111101111110111
11111110000000100000000000001000
00000000000000000000000000000000
11011111111111111111111111111101
11111000000000000111111111111111
00000000011111100000000000011100
11011111111111111111111111101111
11101111111111111111111111110111
01100000000000000000000000000010
11111000111111111111001111111111
11111000111111111111001111111111
11111000111111111111001111111111
00000000000000000000000000000000
11111000111111111111001111111111
00000000000000000000000000000000
01100000000000000000000000000010
11111000000000000111111111111111
11111110000000100000000000001000
11111000111111111111001111111111
00000000000000001101000000000000
00000000011111100000000000011100
11011111111111111111111111111101
00000000000000000000000000000000
01100000000000000000000000000010
11011111111111111111111111111101
11111110000000100000000000001000
00000000000000000000000000000000
11111000111111111111001111111111
11111000000000000111111111111111
11001000111110110101011110011111
10100000011111100000000000011100
00000000000000000000000000000000
11101111111111111111111111110111
11011111011111111111111111011101